-25	51	31	18	17	34
-24	50	31	18	17	34
-23	49	31	17	15	36
-22	48	31	19	16	35
-21	47	30	18	16	36
-20	46	29	19	16	37
-19	45	30	18	15	37
-18	44	30	19	14	37
-17	43	29	17	16	38
-16	42	29	17	15	39
-15	41	28	17	14	41
-14	40	29	17	15	40
-13	39	27	17	15	41
-12	38	27	18	16	40
-11	37	28	17	17	37
-10	36	28	18	17	37
-9	35	29	18	17	36
-8	34	31	17	16	35
-7	33	31	19	15	35
-6	32	32	19	15	34
-5	31	35	16	11	37
-4	30	47	14	8	31
-3	29	57	13	8	22
-2	28	83	5	3	9
-1	27	14	25	22	38
0	26	25	25	25	25
1	25	24	17	15	44
2	24	22	19	14	46
3	23	24	18	14	44
4	22	27	17	13	43
5	21	26	19	14	41
6	20	27	16	14	43
7	19	27	15	13	45
8	18	28	15	13	44
9	17	29	15	13	43
10	16	32	15	13	40
11	15	35	15	12	37
12	14	40	14	14	33
13	13	42	14	12	32
14	12	46	13	12	30
15	11	47	11	12	29
16	10	47	12	12	30
17	9	47	11	12	30
18	8	48	11	10	31
19	7	45	11	11	33
20	6	45	11	11	33
21	5	43	12	11	34
22	4	41	12	12	36
23	3	41	13	11	35
24	2	38	13	13	37
25	1	39	13	11	37